years <- 2014:2022
