years <- 2016:2022
